-0.503207282
-0.366241065
-0.350723929
-0.37155599
-0.419756857
-0.507728022
-0.534241554
-0.593683182
-0.674140143
-0.730527216
-0.837375527
-0.886737125
-0.897977885
-0.92522451
-0.883377115
-0.855336306
-0.8375588
-0.789235751
-0.785753559
-0.772435702
-0.764310587
-0.807501985
-0.842201723
-0.883010569
-0.916671758
-0.913006292
-0.910562649
-0.91172338
-0.906652819
-0.911784471
-0.90555318
-0.870792351
-0.842201723
-0.807379803
-0.773596432
-0.771458244
-0.767059686
-0.782393549
-0.820025658
-0.837864256
-0.861201051
-0.868593072
-0.847699921
-0.841163174
-0.836642434
-0.84598937
-0.880444743
-0.900054982
-0.910745922
-0.912028835
-0.897305883
-0.893334962
-0.898161158
-0.907385912
-0.92241432
-0.92974525
-0.929928523
-0.929073248
-0.925041236
-0.922658684
-0.923330686
-0.92357505
-0.92693506
-0.927668153
-0.928523428
-0.934754719
-0.936648543
-0.939336551
-0.941291466
-0.937870365
-0.935976541
-0.933227442
-0.931150345
-0.935732177
-0.940252917
-0.934143808
-0.929867432
-0.925835421
-0.923391777
-0.949233307
-0.978557029
-0.997861812
-0.983871953
-0.867859979
-0.701325677
-0.534241554
-0.39458733
-0.36593561
-0.386217851
-0.43338017
-0.517746961
-0.549147779
-0.598020649
-0.674201234
-0.729427577
-0.828517319
-0.887714582
-0.900299346
-0.923880506
-0.890891319
-0.860773413
-0.847577738
-0.804752887
-0.795161586
-0.78978557
-0.780621907
-0.818926019
-0.854236667
-0.884598937
-0.919481948
-0.91679394
-0.911662288
-0.921375771
-0.9156943
-0.916610667
-0.911417924
-0.874457817
-0.850021382
-0.826012585
-0.794123037
-0.794733948
-0.791557212
-0.795467041
-0.829189321
-0.845622824
-0.866577066
-0.879956014
-0.858574134
-0.850510111
-0.850204655
-0.857413403
-0.890769137
-0.909401918
-0.916366302
-0.920642678
-0.90555318
-0.904575722
-0.915511027
-0.92467469
-0.939214369
-0.939397642
-0.937687091
-0.938236911
-0.934449264
-0.938481276
-0.938603458
-0.941413648
-0.945934388
-0.942574378
-0.945628933
-0.945934388
-0.943735109
-0.947644939
-0.944468202
-0.940008553
-0.937076181
-0.929073248
-0.928156882
-0.935976541
-0.938603458
-0.937687091
-0.936404179
-0.927362698
-0.939703097
-0.975074837
-0.996151262
-0.997373083
-0.910012829
-0.73975197
-0.572545666
-0.414075386
-0.347913739
-0.366241065
-0.397336429
-0.479442849
-0.529842996
-0.561182723
-0.639012768
-0.695827479
-0.785203739
-0.872197446
-0.891929867
-0.917038304
-0.895778606
-0.846844645
-0.8313886
-0.792412487
-0.775245892
-0.777872808
-0.76333313
-0.791312847
-0.834870792
-0.871097807
-0.914350296
-0.924980145
-0.916855031
-0.922292138
-0.919726312
-0.918076853
-0.917710306
-0.880628016
-0.84482864
-0.81898711
-0.782760095
-0.781782638
-0.783554279
-0.786120105
-0.821369662
-0.840491172
-0.862606146
-0.883377115
-0.865905064
-0.857291221
-0.856374855
-0.860467958
-0.893029507
-0.913495021
-0.920031767
-0.922353229
-0.902804081
-0.89321278
-0.899749527
-0.912823019
-0.934143808
-0.939458733
-0.935548903
-0.933960535
-0.932066711
-0.934693628
-0.935060175
-0.933532898
-0.932921987
-0.93084489
-0.933166351
-0.938542367
-0.941841285
-0.944101656
-0.941780194
-0.940924919
-0.94208565
-0.939764188
-0.939153278
-0.940252917
-0.939825279
-0.938970004
-0.940802737
-0.93646527
-0.942818743
-0.970004276
-0.990164335
-1
-0.924919054
-0.754841469
-0.580548598
-0.410532103
-0.336245342
-0.35359521
-0.380108742
-0.462826074
-0.510477121
-0.535096829
-0.6189138
-0.679393976
-0.777445171
-0.872991631
-0.885820759
-0.912945201
-0.892235323
-0.842201723
-0.834382064
-0.792473578
-0.773840797
-0.774085161
-0.750137455
-0.777261897
-0.820758751
-0.857535586
-0.905736453
-0.918565581
-0.909829556
-0.91514448
-0.915938665
-0.916977213
-0.919176492
-0.879222921
-0.836031523
-0.812450363
-0.781538274
-0.783309915
-0.786486652
-0.782637913
-0.812144908
-0.830533325
-0.85441994
-0.881666565
-0.872869448
-0.865538518
-0.859918138
-0.860834504
-0.890219317
-0.914839025
-0.927607062
-0.93139471
-0.912700837
-0.895289877
-0.894617875
-0.906897184
-0.931455801
-0.945201295
-0.944223838
-0.941719103
-0.936587452
-0.936220905
-0.939519824
-0.939458733
-0.939397642
-0.9342049
-0.930661616
-0.934693628
-0.93200562
-0.928951066
-0.927179425
-0.923880506
-0.928889975
-0.927179425
-0.92131468
-0.926263058
-0.927179425
-0.925285601
-0.928401246
-0.919970676
-0.91734376
-0.943307471
-0.967743906
-0.994135256
-0.959496609
-0.802736881
-0.626916733
-0.452074042
-0.344187183
-0.357321767
-0.374427271
-0.444132201
-0.517502596
-0.531614637
-0.608039587
-0.67059686
-0.742989798
-0.855275215
-0.880078197
-0.903781538
-0.909340827
-0.851365386
-0.835909341
-0.805241615
-0.772741157
-0.783126642
-0.764921498
-0.777872808
-0.827784226
-0.860956686
-0.905492089
-0.925896512
-0.916366302
-0.918260126
-0.921681227
-0.921681227
-0.928095791
-0.909218645
-0.868593072
-0.849471562
-0.825279492
-0.811228542
-0.814038732
-0.800720875
-0.817643106
-0.849105016
-0.871464353
-0.899077525
-0.900421528
-0.884843301
-0.880322561
-0.882705113
-0.895900788
-0.92467469
-0.938114729
-0.939336551
-0.937320545
-0.917588124
-0.915999756
-0.926263058
-0.935060175
-0.946423117
-0.942879834
-0.936953998
-0.932311076
-0.929867432
-0.930233979
-0.929439795
-0.930661616
-0.926018694
-0.925713238
-0.93255544
-0.93139471
-0.930783799
-0.92974525
-0.926140876
-0.932983078
-0.931761256
-0.925529965
-0.930233979
-0.930600525
-0.929867432
-0.925591056
-0.913922659
-0.903537174
-0.918687763
-0.949294398
-0.975930112
-0.974525017
-0.850204655
-0.671757591
-0.498503268
-0.352067933
-0.345286823
-0.365813428
-0.418657218
-0.51603641
-0.529170994
-0.58965117
-0.663571385
-0.717636997
-0.842568269
-0.888997495
-0.904758996
-0.931150345
-0.873174904
-0.847027919
-0.825951494
-0.780377543
-0.79143503
-0.778117173
-0.776773169
-0.828395137
-0.863094874
-0.907080457
-0.932616531
-0.923697233
-0.918076853
-0.920215041
-0.922536502
-0.929989615
-0.933838353
-0.894740057
-0.862972692
-0.832610422
-0.797238683
-0.805974708
-0.799743417
-0.810923086
-0.850510111
-0.864255605
-0.889547315
-0.896817154
-0.880566925
-0.883132751
-0.883682571
-0.889730588
-0.915327754
-0.927362698
-0.932494349
-0.93536563
-0.915449936
-0.91062374
-0.91624412
-0.924919054
-0.942207832
-0.942635469
-0.941169283
-0.936709634
-0.931150345
-0.930967072
-0.93029507
-0.933960535
-0.934937993
-0.934082717
-0.935182357
-0.932494349
-0.925652147
-0.921620136
-0.918015762
-0.91905431
-0.923269595
-0.919420856
-0.921925591
-0.928279064
-0.928828884
-0.926568514
-0.920887043
-0.909157554
-0.917404851
-0.950638402
-0.973181013
-0.980756308
-0.882949478
-0.701386768
-0.536746289
-0.380353106
-0.34174354
-0.367829434
-0.3968477
-0.490866883
-0.524833527
-0.561793634
-0.645060786
-0.695155477
-0.80047651
-0.874274543
-0.885454212
-0.918626672
-0.889119677
-0.850693384
-0.838841713
-0.791068483
-0.778850266
-0.774329525
-0.762477854
-0.807868532
-0.856924675
-0.900788075
-0.937809274
-0.936831816
-0.925346692
-0.927912518
-0.933410715
-0.937137272
-0.942635469
-0.903476083
-0.858940681
-0.831327509
-0.792473578
-0.796077952
-0.798704869
-0.800965239
-0.841896267
-0.863644694
-0.8875924
-0.906041908
-0.889608406
-0.882949478
-0.883804753
-0.884415664
-0.90891319
-0.927240516
-0.929439795
-0.934693628
-0.916549575
-0.903720447
-0.911540106
-0.919115401
-0.937809274
-0.944651475
-0.941474739
-0.939092186
-0.935304539
-0.93481581
-0.936526361
-0.940314008
-0.93481581
-0.927301607
-0.921681227
-0.915083389
-0.916977213
-0.918137944
-0.91960413
-0.92467469
-0.919420856
-0.910012829
-0.905492089
-0.904636813
-0.91007392
-0.908607734
-0.906103
-0.905125542
-0.906041908
-0.93365508
-0.959068972
-0.97134828
-0.910379376
-0.742806525
-0.568513654
-0.405339361
-0.330747144
-0.345592278
-0.371433808
-0.456655874
-0.507300385
-0.535891014
-0.613659967
-0.671513226
-0.777139715
-0.870609078
-0.890036044
-0.923208504
-0.903476083
-0.86230069
-0.848494105
-0.802431425
-0.787280836
-0.783920826
-0.765288044
-0.798093958
-0.844523184
-0.892113141
-0.935426721
-0.938664549
-0.929256521
-0.923391777
-0.926140876
-0.936892907
-0.954853687
-0.944651475
-0.899566253
-0.853320301
-0.795039404
-0.776162258
-0.78416519
-0.790640846
-0.835481703
-0.862972692
-0.878367646
-0.894923331
-0.877695644
-0.87464109
-0.880689107
-0.880322561
-0.902620808
-0.921803409
-0.928889975
-0.938542367
-0.926446331
-0.908424461
-0.906836093
-0.904881178
-0.920825951
-0.936526361
-0.936281996
-0.938786731
-0.92974525
-0.92412487
-0.926873969
-0.924857963
-0.927912518
-0.925468874
-0.918260126
-0.91795467
-0.911906653
-0.905858635
-0.907752459
-0.908791007
-0.911906653
-0.909951738
-0.901521168
-0.898527705
-0.902009897
-0.900726984
-0.900116073
-0.906530637
-0.901276804
-0.913739385
-0.94043619
-0.955403507
-0.963711894
-0.864622152
-0.694666748
-0.534974647
-0.382185839
-0.349746472
-0.366790885
-0.402529171
-0.499786181
-0.527582626
-0.568941291
-0.643655691
-0.694178019
-0.812878001
-0.886309487
-0.90500336
-0.942268923
-0.905614271
-0.873052722
-0.856863584
-0.80890708
-0.808845989
-0.801453968
-0.787769564
-0.826195858
-0.864011241
-0.907752459
-0.945018022
-0.943429654
-0.934327082
-0.932921987
-0.93200562
-0.943185289
-0.962062435
-0.935548903
-0.894251329
-0.848494105
-0.792107032
-0.791190665
-0.791557212
-0.802187061
-0.847822103
-0.856619219
-0.875740729
-0.888753131
-0.86902071
-0.875068727
-0.86957053
-0.869326165
-0.897855703
-0.907691368
-0.920092858
-0.92577433
-0.906164091
-0.895289877
-0.88985277
-0.894984422
-0.91795467
-0.931150345
-0.933716171
-0.931150345
-0.924796872
-0.919787403
-0.918932128
-0.914961207
-0.909340827
-0.909646283
-0.905430998
-0.909707374
-0.914228114
-0.910379376
-0.913189566
-0.911051378
-0.911906653
-0.91233429
-0.906469546
-0.904331358
-0.905125542
-0.906591728
-0.901337895
-0.901765532
-0.900665893
-0.907569186
-0.9437962
-0.968110453
-0.973486468
-0.903170627
-0.734864683
-0.571140571
-0.424705236
-0.352495571
-0.366363248
-0.389333496
-0.460076975
-0.516158592
-0.541939031
-0.615248335
-0.675972876
-0.762355672
-0.854297758
-0.875924003
-0.908729916
-0.906836093
-0.871036716
-0.861934144
-0.82405767
-0.803469974
-0.801637241
-0.781599365
-0.802064879
-0.845683915
-0.886676034
-0.933166351
-0.951982406
-0.947034028
-0.952165679
-0.953876229
-0.954792596
-0.966949722
-0.940314008
-0.896267335
-0.856313764
-0.798827051
-0.784287372
-0.783309915
-0.782149184
-0.820942025
-0.835542794
-0.849227198
-0.869814894
-0.851793023
-0.852281752
-0.852465025
-0.847638829
-0.877145824
-0.894068055
-0.904942269
-0.915449936
-0.899077525
-0.883743662
-0.878245464
-0.876596005
-0.896084061
-0.916427393
-0.920459405
-0.925102328
-0.919848494
-0.911295742
-0.912212108
-0.904881178
-0.903231718
-0.90671391
-0.901032439
-0.905675362
-0.905064451
-0.897916794
-0.900665893
-0.899505162
-0.899810618
-0.900238255
-0.894740057
-0.894373511
-0.902376443
-0.905980817
-0.901032439
-0.904025903
-0.899749527
-0.905614271
-0.941047101
-0.961695889
-0.973853015
-0.906103
-0.733948317
-0.570285295
-0.408455006
-0.32769259
-0.337161708
