-0.573665859
-0.617457597
-0.665563501
-0.664263341
-0.66142663
-0.635600733
-0.573902252
-0.545239643
-0.507180427
-0.478163229
-0.506353052
-0.591868093
-0.688552686
-0.790851605
-0.86141481
-0.908752438
-0.934519236
-0.933928255
-0.925536316
-0.892204952
-0.851900006
-0.785828261
-0.713433012
-0.677974115
-0.671355121
-0.674310029
-0.705041073
-0.763075468
-0.795934046
-0.815850127
-0.818745937
-0.798652562
-0.788192187
-0.765675787
-0.752555996
-0.759293186
-0.755097216
-0.742509308
-0.732935406
-0.718988239
-0.729744105
-0.750842149
-0.778677383
-0.809467526
-0.834938833
-0.835116128
-0.839725785
-0.850127061
-0.863246853
-0.885290467
-0.877785001
-0.874061817
-0.879380651
-0.882276461
-0.876662136
-0.871106909
-0.883458424
-0.884108504
-0.877016725
-0.882985639
-0.887418001
-0.886649725
-0.873352639
-0.88393121
-0.892204952
-0.920394776
-0.947698127
-0.993971987
-0.938360617
-0.653211985
-0.360912476
-0.172212044
-0.146208853
-0.186395603
-0.337332309
-0.536729508
-0.602032977
-0.637255481
-0.683529342
-0.684593109
-0.669936765
-0.617575793
-0.563264582
-0.53667041
-0.489687371
-0.45594232
-0.514094912
-0.619821524
-0.718397258
-0.82217363
-0.893268719
-0.939365286
-0.937237752
-0.934932924
-0.935405709
-0.909757107
-0.856509663
-0.770580935
-0.698776668
-0.668341115
-0.664263341
-0.673719047
-0.732817209
-0.802848531
-0.842976183
-0.862242184
-0.84309438
-0.823946575
-0.798534366
-0.759943266
-0.746587081
-0.759706873
-0.761479818
-0.748478222
-0.744518645
-0.739495302
-0.761538916
-0.77235388
-0.798238875
-0.828201643
-0.844867325
-0.837834643
-0.847999527
-0.866674546
-0.865551681
-0.873707228
-0.87234797
-0.865374387
-0.862005792
-0.869274866
-0.865728976
-0.870456829
-0.879262455
-0.873293541
-0.874180013
-0.879026062
-0.878080492
-0.877903197
-0.875361976
-0.887358903
-0.894687075
-0.927191064
-0.948939188
-0.999290822
-0.846581171
-0.534542876
-0.273683588
-0.130488742
-0.158737663
-0.224691212
-0.428461675
-0.588204007
-0.602092075
-0.644406359
-0.691684889
-0.681224514
-0.651970924
-0.595709473
-0.555049938
-0.543525796
-0.488505407
-0.480113468
-0.586726553
-0.684652207
-0.770167248
-0.856805153
-0.923408782
-0.947343538
-0.926954672
-0.921694935
-0.940369954
-0.926068199
-0.846699368
-0.773713138
-0.711423675
-0.69741741
-0.688198097
-0.696294545
-0.769339874
-0.831274747
-0.84019857
-0.842857987
-0.83216122
-0.821109863
-0.810590391
-0.767271438
-0.778500089
-0.790851605
-0.761716211
-0.744341351
-0.743632173
-0.754919922
-0.778736481
-0.792092666
-0.804325985
-0.843508067
-0.853613853
-0.846758466
-0.873529933
-0.882808345
-0.877194019
-0.871166007
-0.873116246
-0.870811418
-0.876484841
-0.872761657
-0.86785651
-0.879380651
-0.877016725
-0.878316884
-0.864842503
-0.867915608
-0.878966964
-0.880444418
-0.87299805
-0.881862774
-0.890195615
-0.918621831
-0.941374623
-0.992671828
-0.912298328
-0.601501093
-0.311506412
-0.177589977
-0.163879203
-0.221440813
-0.404054134
-0.559186809
-0.602210271
-0.65723066
-0.689793747
-0.687666214
-0.671473317
-0.605933455
-0.573252172
-0.533065422
-0.492642279
-0.483777555
-0.557118374
-0.651143549
-0.758111223
-0.858341706
-0.919744696
-0.949352875
-0.929436795
-0.940251758
-0.933396371
-0.898410259
-0.849240589
-0.778263696
-0.719992908
-0.703563619
-0.697535607
-0.713314816
-0.772058389
-0.814254477
-0.851427221
-0.858046215
-0.837598251
-0.832752201
-0.814431771
-0.779859346
-0.782932451
-0.790792506
-0.77105372
-0.773358549
-0.753028781
-0.753678861
-0.775545181
-0.778500089
-0.808403759
-0.841676024
-0.857396135
-0.854382129
-0.876721234
-0.884285799
-0.881094498
-0.876248449
-0.874002719
-0.874180013
-0.869215767
-0.87169789
-0.869806749
-0.875834762
-0.880208026
-0.8745937
-0.869156669
-0.87234797
-0.870161338
-0.872761657
-0.872584363
-0.874534602
-0.881094498
-0.915194137
-0.928491224
-0.992671828
-0.931150641
-0.622953726
-0.342178358
-0.188404941
-0.148099994
-0.19774245
-0.352934224
-0.540039005
-0.59582767
-0.629868211
-0.699604042
-0.696058153
-0.695112582
-0.621298978
-0.568997104
-0.539625318
-0.491814905
-0.463920572
-0.531528869
-0.648897819
-0.747000768
-0.847467644
-0.901246971
-0.943383961
-0.935464807
-0.936764967
-0.927545653
-0.896046333
-0.842739791
-0.755333609
-0.703563619
-0.680101649
-0.684061226
-0.686720643
-0.743041191
-0.81543644
-0.847113055
-0.865728976
-0.846403877
-0.831806631
-0.808758348
-0.778854678
-0.776668046
-0.791501684
-0.775840671
-0.77524969
-0.762957272
-0.748360026
-0.773594941
-0.785178181
-0.821523551
-0.85692335
-0.87394362
-0.872938952
-0.877016725
-0.885172271
-0.885999645
-0.884463093
-0.880917203
-0.878907866
-0.879321553
-0.873766326
-0.87364813
-0.875657467
-0.875834762
-0.866379056
-0.868152
-0.873589031
-0.866497252
-0.87299805
-0.874120915
-0.882512854
-0.881921872
-0.916257904
-0.930796052
-1
-0.860942025
-0.5369659
-0.276815791
-0.127297441
-0.124697122
-0.180899474
-0.411086815
-0.58873589
-0.604574198
-0.644110868
-0.702204361
-0.686070563
-0.641687844
-0.57331127
-0.536374919
-0.530169612
-0.466107204
-0.460788369
-0.564564742
-0.684652207
-0.779150168
-0.86301046
-0.929968678
-0.931564328
-0.920512972
-0.920394776
-0.932864488
-0.9067431
-0.838071036
-0.767685125
-0.709946221
-0.707168607
-0.700135926
-0.698599374
-0.762898174
-0.83954849
-0.861828497
-0.861946693
-0.836238993
-0.83151114
-0.81898233
-0.777613616
-0.792506353
-0.811476863
-0.788310384
-0.765203002
-0.756751965
-0.762484487
-0.779918445
-0.798120678
-0.828438036
-0.877844099
-0.89291413
-0.870161338
-0.873057148
-0.878375983
-0.881330891
-0.874889191
-0.86945216
-0.877312216
-0.887595296
-0.877725903
-0.870575025
-0.874830093
-0.872820755
-0.874770995
-0.868742982
-0.875657467
-0.870220436
-0.872111577
-0.86720643
-0.872170675
-0.887477099
-0.907984162
-0.925950003
-0.979670232
-0.914544058
-0.607883695
-0.310265351
-0.17942202
-0.149163761
-0.200697358
-0.384315348
-0.5594823
-0.614266296
-0.636309911
-0.681756397
-0.676969446
-0.662254004
-0.585662786
-0.544294072
-0.519886532
-0.489273684
-0.470894155
-0.532651735
-0.655516813
-0.746705277
-0.844099049
-0.902192542
-0.926245494
-0.91702618
-0.925595414
-0.929495893
-0.906093021
-0.861769399
-0.778086402
-0.717865374
-0.700786006
-0.706045742
-0.710478104
-0.765143904
-0.821700845
-0.862774068
-0.875952958
-0.847940429
-0.842267005
-0.82347379
-0.797175108
-0.781454997
-0.796406832
-0.789196856
-0.775545181
-0.763489155
-0.763252763
-0.794929378
-0.800248212
-0.827906152
-0.860291945
-0.875598369
-0.86431062
-0.859582767
-0.880148927
-0.891850363
-0.887654394
-0.882158265
-0.885645056
-0.878553277
-0.877903197
-0.878907866
-0.873470835
-0.88198097
-0.877016725
-0.874357307
-0.88198097
-0.87169789
-0.877666805
-0.877962295
-0.882453756
-0.889959222
-0.908752438
-0.925772708
-0.975356066
-0.951066722
-0.686720643
-0.392529992
-0.212044205
-0.164529283
-0.18905502
-0.324626204
-0.522250458
-0.620117014
-0.621358076
-0.668695704
-0.672241593
-0.650907157
-0.603096744
-0.534188287
-0.516163347
-0.492169494
-0.466757284
-0.504639206
-0.625849536
-0.721174871
-0.812481532
-0.882926541
-0.913302996
-0.918444536
-0.915489628
-0.928727617
-0.907334082
-0.86271497
-0.796111341
-0.727143786
-0.69357603
-0.697358312
-0.698008392
-0.731339755
-0.798357071
-0.830092784
-0.861001123
-0.861178417
-0.847940429
-0.828910821
-0.808817446
-0.774717806
-0.774895101
-0.777436322
-0.761007033
-0.753146977
-0.738136044
-0.766384965
-0.793629218
-0.8328113
-0.859405472
-0.873766326
-0.862951362
-0.853968442
-0.872761657
-0.878730571
-0.897464689
-0.896991904
-0.897464689
-0.895278057
-0.884344897
-0.8906684
-0.884640388
-0.879262455
-0.882394658
-0.873116246
-0.877253117
-0.879026062
-0.875066485
-0.879144259
-0.881389989
-0.885822351
-0.887240707
-0.902724425
-0.94438863
-0.991430767
-0.830565569
-0.52378701
-0.302759884
-0.194551149
-0.161810768
-0.22959636
-0.422906448
-0.577034454
-0.593404645
-0.618521364
-0.673778145
-0.674073636
-0.630459193
-0.560959754
-0.531883458
-0.508657881
-0.463684179
-0.451923645
-0.555877312
-0.671355121
-0.743809468
-0.828851723
-0.892795934
-0.922640506
-0.913893978
-0.912121033
-0.901778855
-0.868742982
-0.804916967
-0.725902724
-0.694285208
-0.693812422
-0.69966314
-0.713551209
-0.780332132
-0.834111459
-0.859228178
-0.856095975
-0.848886
-0.830388275
-0.802789433
-0.775486082
-0.775131493
-0.80225755
-0.795047574
-0.787069322
-0.767448732
-0.777554518
-0.791678979
-0.813899888
-0.846108386
-0.87010224
-0.874298209
-0.858105313
-0.870456829
-0.877903197
-0.89935583
-0.906033922
-0.907156787
-0.901128775
-0.893446014
-0.894155192
-0.886767922
-0.88393121
-0.885822351
-0.881626381
-0.874416406
-0.881389989
-0.876366645
-0.883222032
-0.871402399
-0.871461498
-0.88617694
-0.903669996
-0.925654512
-0.972105668
-0.957981207
-0.681874594
-0.395721293
-0.212103304
-0.167484191
-0.171266474
-0.297145559
-0.493055966
-0.584835412
-0.606819928
-0.638851132
-0.667809231
-0.645233733
-0.59966905
-0.527746587
-0.511021807
-0.486318775
-0.456946989
-0.487618935
-0.589445068
-0.689202766
-0.775722475
-0.843921754
-0.888895455
-0.924649843
-0.916139708
-0.907156787
-0.873707228
-0.838602919
-0.763607352
-0.691093907
-0.675964777
-0.689025471
-0.701790674
-0.725193546
-0.787660304
-0.833047692
-0.850895337
-0.836179895
-0.816854796
-0.807221795
-0.784764494
-0.769635364
-0.780095739
-0.789019561
-0.78393712
-0.767507831
-0.752319603
-0.769871757
-0.79002423
-0.803557709
-0.824360262
-0.85178181
-0.863956031
-0.868683884
-0.877371314
-0.890432008
-0.906447609
-0.900596891
-0.898764848
-0.896578216
-0.897819278
-0.890313811
-0.880030731
-0.883222032
-0.886472431
-0.878257786
-0.881744578
-0.885585958
-0.880562615
-0.883990308
-0.873470835
-0.885467762
-0.889190946
-0.918917322
-0.93345547
-0.992553632
-0.831924827
-0.538561551
-0.298918504
-0.175580639
-0.167247799
-0.211275929
-0.401512913
-0.534779268
-0.585485491
-0.606524437
-0.659121801
-0.646652089
-0.624194788
-0.562023521
-0.520477513
-0.514390402
-0.458542639
-0.454878553
-0.531115182
-0.638023757
-0.72058389
-0.814077182
-0.873470835
-0.906447609
-0.907097689
-0.894450683
-0.869747651
-0.831452042
-0.776077064
-0.70610484
-0.681106318
-0.690975711
-0.697949294
-0.710182613
-0.760179658
-0.818095857
-0.834584244
-0.843626263
-0.825955913
-0.807280894
-0.792447255
-0.76656226
-0.775958868
-0.787364813
-0.788310384
-0.785237279
-0.776904438
-0.771349211
-0.789315052
-0.802848531
-0.813249808
-0.842385202
-0.862655871
-0.878494179
-0.892441345
-0.905738432
-0.912298328
-0.908220554
-0.905679333
-0.90000591
-0.903433603
-0.906152119
-0.892264051
-0.888954554
-0.894096094
-0.894036995
-0.886531529
-0.891436676
-0.884817682
-0.891022989
-0.887358903
-0.893268719
-0.893918799
-0.916612493
-0.941906507
-0.986584717
-0.940133562
-0.675432894
-0.401808404
-0.206075291
-0.177649075
-0.204065954
-0.350215708
-0.523905207
-0.582826074
-0.612907039
-0.657821642
