0.580483356
0.352941176
0.18376653
0.068855449
-0.029183767
-0.01869585
-0.01003192
0.026903785
0.112631099
0.144094847
0.219334245
0.27998176
0.289557684
0.315549476
0.25626995
0.18376653
0.099407205
-0.021431829
-0.085271318
-0.142726858
-0.191974464
-0.18376653
-0.202918377
-0.186502508
-0.160510716
-0.145918833
-0.086183311
-0.075695394
-0.059735522
-0.060647515
-0.103967168
-0.129502964
-0.164614683
-0.195622435
-0.18878249
-0.218422253
-0.210214318
-0.218422253
-0.255813953
-0.240310078
-0.260373917
-0.240310078
-0.202006384
-0.195166439
-0.147286822
-0.142270862
-0.162790698
-0.130414957
-0.176014592
-0.16871865
-0.176470588
-0.249886001
-0.27998176
-0.406748746
-0.515731874
-0.563611491
-0.628362973
-0.527131783
-0.350661195
-0.144550844
0.196534428
0.43502052
0.684906521
0.883264934
0.923848609
0.983584131
0.908344733
0.755129959
0.635202918
0.402188782
0.237118103
0.116735066
-0.022799818
-0.006839945
-0.025079799
0.006839945
0.107615139
0.133606931
0.223438212
0.296853625
0.299133607
0.34746922
0.281349749
0.204742362
0.135430917
-0.011855905
-0.066575467
-0.136342909
-0.191518468
-0.184222526
-0.205198358
-0.192886457
-0.151846785
-0.148198814
-0.080255358
-0.05745554
-0.047879617
-0.030095759
-0.07250342
-0.093479252
-0.131782946
-0.168262654
-0.181030552
-0.204742362
-0.225262198
-0.223438212
-0.253533972
-0.245782034
-0.250797994
-0.233926129
-0.209302326
-0.186958504
-0.158686731
-0.140446876
-0.137254902
-0.135886913
-0.136798906
-0.153670771
-0.160966712
-0.203374373
-0.245782034
-0.342909257
-0.44003648
-0.55129959
-0.615139079
-0.619243046
-0.515275878
-0.315093479
-0.044687642
0.258549932
0.537619699
0.765617875
0.901504788
0.965344277
0.941176471
0.855905153
0.701322389
0.53123575
0.332421341
0.168262654
0.036935705
-0.031007752
-0.044231646
-0.020063839
0.034199726
0.114455084
0.182398541
0.258549932
0.322389421
0.335613315
0.331965344
0.252165983
0.160510716
0.046967624
-0.065207478
-0.131326949
-0.169630643
-0.192430461
-0.170998632
-0.16370269
-0.130870953
-0.092111263
-0.064751482
-0.009575923
0.001823985
-0.004103967
-0.019151847
-0.077063383
-0.116735066
-0.152758778
-0.186046512
-0.186046512
-0.210670315
-0.220702234
-0.219790242
-0.244414045
-0.228910169
-0.220246238
-0.210670315
-0.185590515
-0.187414501
-0.174646603
-0.16871865
-0.176926585
-0.161878705
-0.161878705
-0.17373461
-0.172822617
-0.218878249
-0.260829913
-0.350661195
-0.453260374
-0.543547652
-0.611947104
-0.606475148
-0.490196078
-0.299133607
-0.022799818
0.277245782
0.539899681
0.771545828
0.886456908
0.953488372
0.931144551
0.844049248
0.709530324
0.544915641
0.348837209
0.191974464
0.046055632
-0.020519836
-0.044687642
-0.029183767
0.040583675
0.104423165
0.189694482
0.264477884
0.322389421
0.349749202
0.335157319
0.263109895
0.185590515
0.05745554
-0.030095759
-0.105335157
-0.15503876
-0.168262654
-0.174190606
-0.160966712
-0.130870953
-0.107159143
-0.060191518
-0.024623803
-0.019151847
-0.010487916
-0.05243958
-0.084815321
-0.129046968
-0.170086639
-0.18376653
-0.209302326
-0.223894209
-0.222982216
-0.240766074
-0.232102143
-0.225262198
-0.222070223
-0.19744642
-0.204286366
-0.190150479
-0.176470588
-0.182854537
-0.156862745
-0.16005472
-0.154126767
-0.156862745
-0.186046512
-0.222982216
-0.291837665
-0.407660739
-0.49749202
-0.611035112
-0.640218878
-0.578659371
-0.435476516
-0.165070679
0.107615139
0.409028728
0.660282718
0.824441404
0.925672595
0.955768354
0.887824897
0.812585499
0.634290926
0.474236206
0.292293662
0.117191062
0.027359781
-0.045599635
-0.051527588
-0.00501596
0.04377565
0.133606931
0.22754218
0.283629731
0.378020976
0.358413133
0.341997264
0.258549932
0.133150935
0.026903785
-0.076607387
-0.158230734
-0.17373461
-0.211126311
-0.190606475
-0.160966712
-0.153214774
-0.086639307
-0.066575467
-0.036023712
-0.020975832
-0.042863657
-0.066575467
-0.093935249
-0.153670771
-0.156862745
-0.196078431
-0.210670315
-0.20747834
-0.225718194
-0.222982216
-0.218878249
-0.237118103
-0.218422253
-0.225718194
-0.224350205
-0.190606475
-0.201094391
-0.179206566
-0.16871865
-0.188326493
-0.175558596
-0.205198358
-0.251709986
-0.289557684
-0.419516644
-0.50250798
-0.59005928
-0.63246694
-0.536707706
-0.374829001
-0.126766986
0.189238486
0.4249886
0.673962608
0.814865481
0.86502508
0.906520748
0.820337437
0.722298222
0.587323301
0.387140903
0.245326037
0.102599179
0.001823985
0.010487916
-0.013679891
0.050159599
0.108071135
0.147742818
0.242590059
0.29001368
0.340629275
0.378020976
0.31874145
0.259461924
0.144550844
0.008663931
-0.063839489
-0.143638851
-0.160966712
-0.14500684
-0.142270862
-0.09119927
-0.068399453
-0.041039672
0.003647971
0.002735978
0.003191974
-0.020975832
-0.078431373
-0.119015048
-0.168262654
-0.210214318
-0.209302326
-0.242134063
-0.232102143
-0.247150023
-0.262653899
-0.265845873
-0.272229822
-0.274509804
-0.249886001
-0.252165983
-0.233926129
-0.223438212
-0.24122207
-0.223894209
-0.244414045
-0.248518012
-0.271317829
-0.326037392
-0.406748746
-0.487916097
-0.601003192
-0.605107159
-0.58002736
-0.422252622
-0.172822617
0.096671227
0.405836753
0.641586867
0.812585499
0.915640675
0.926584587
0.867761058
0.780665755
0.586867305
0.433652531
0.225718194
0.072959416
-0.010943912
-0.057911537
-0.018239854
0.043319653
0.100319197
0.174646603
0.218422253
0.253077975
0.31372549
0.309621523
0.334245326
0.278613771
0.198814409
0.107159143
-0.008663931
-0.072959416
-0.110351117
-0.117647059
-0.088919289
-0.067943456
-0.050159599
-0.017327861
-0.018239854
0.016415869
0.010487916
0.000455996
-0.036479708
-0.108983128
-0.171454628
-0.234838121
-0.264021888
-0.271773826
-0.258549932
-0.255813953
-0.250797994
-0.276789786
-0.282717738
-0.294573643
-0.275877793
-0.257181943
-0.236662107
-0.237118103
-0.254445964
-0.267213862
-0.290925673
-0.275421797
-0.281349749
-0.290469676
-0.341541268
-0.438212494
-0.544459644
-0.608299134
-0.619699042
-0.476972184
-0.272229822
0.020975832
0.330597355
0.570451436
0.790697674
0.896488828
0.947104423
0.941176471
0.838121295
0.699042408
0.511627907
0.284541724
0.131782946
-0.017327861
-0.055631555
-0.036935705
-0.006839945
0.078431373
0.119015048
0.161878705
0.218878249
0.234838121
0.289557684
0.294573643
0.266757866
0.230278158
0.12129503
0.046511628
-0.034199726
-0.088007296
-0.092567259
-0.099407205
-0.086183311
-0.063839489
-0.072959416
-0.034655723
-0.030095759
-0.009119927
0.002735978
-0.027815777
-0.0624715
-0.12995896
-0.195166439
-0.233926129
-0.259917921
-0.259461924
-0.243502052
-0.242590059
-0.243046056
-0.255813953
-0.257637939
-0.259005928
-0.227086183
-0.218878249
-0.200182399
-0.205654355
-0.245782034
-0.244414045
-0.268125855
-0.261741906
-0.23620611
-0.292293662
-0.345645235
-0.464204286
-0.617419061
-0.647058824
-0.656634747
-0.484268126
-0.18878249
0.082991336
0.457364341
0.689010488
0.859097127
1
0.967168263
0.952120383
0.844505244
0.621523028
0.469220246
0.211126311
0.03875969
-0.021887825
-0.106703146
-0.011399909
0.031919745
0.08253534
0.183310534
0.185134519
0.249886001
0.31874145
0.304605563
0.359781122
0.27998176
0.182854537
0.096671227
-0.069767442
-0.119015048
-0.17875057
-0.210214318
-0.172822617
-0.185134519
-0.166438668
-0.12631099
-0.129046968
-0.059735522
-0.038303694
-0.031919745
-0.020975832
-0.085271318
-0.129046968
-0.170086639
-0.219334245
-0.204742362
-0.203374373
-0.196990424
-0.174646603
-0.196990424
-0.194710442
-0.185134519
-0.193342453
-0.155494756
-0.15503876
-0.159142727
-0.162334701
-0.201094391
-0.204742362
-0.207934337
-0.209302326
-0.209758322
-0.264021888
-0.36753306
-0.487916097
-0.634290926
-0.674418605
-0.642042864
-0.452348381
-0.174646603
0.148654811
0.474692202
0.721386229
0.89876881
0.989512084
0.987688098
0.926128591
0.787049704
0.581395349
0.387596899
0.145462836
0.014135887
-0.091655267
-0.109439124
-0.059735522
-0.015959872
0.061559508
0.133606931
0.180574555
0.277701778
0.327405381
0.367989056
0.382580939
0.280893753
0.193342453
0.031919745
-0.099863201
-0.181030552
-0.245782034
-0.25125399
-0.23119015
-0.227998176
-0.174190606
-0.147286822
-0.09621523
-0.031007752
-0.014591883
0.01504788
-0.014135887
-0.063383493
-0.108983128
-0.170998632
-0.205198358
-0.213862289
-0.22754218
-0.211582307
-0.202006384
-0.205198358
-0.176926585
-0.174646603
-0.158230734
-0.137710898
-0.153670771
-0.15503876
-0.170086639
-0.199270406
-0.175558596
-0.179662563
-0.170998632
-0.161878705
-0.250797994
-0.319197446
-0.457820337
-0.586411309
-0.603283174
-0.593251254
-0.415868673
-0.145462836
0.112175103
0.461924305
0.682626539
0.854081167
0.98996808
0.950296398
0.931600547
0.801185591
0.592795258
0.444140447
0.208390333
0.0624715
-0.007295942
-0.093479252
-0.028271774
-0.002735978
0.056543548
0.175102599
0.213862289
0.322845417
0.383036936
0.369813041
0.370725034
0.241678067
0.113999088
-0.012767898
-0.165982672
-0.215230278
-0.261741906
-0.268581851
-0.223894209
-0.218422253
-0.167806658
-0.129502964
-0.098039216
-0.041495668
-0.03374373
-0.023255814
-0.046511628
-0.097127223
-0.137254902
-0.192430461
-0.223894209
-0.238030096
-0.254445964
-0.238030096
-0.237118103
-0.21751026
-0.198814409
-0.186502508
-0.170542636
-0.172366621
-0.17875057
-0.191974464
-0.20747834
-0.209302326
-0.198358413
-0.187414501
-0.169174647
-0.19379845
-0.242134063
-0.339261286
-0.456908345
-0.549931601
-0.58869129
-0.533971728
-0.35750114
-0.119471044
0.176470588
0.463292294
0.682626539
0.85499316
0.923848609
0.929776562
0.872321021
0.743274054
0.582763338
0.402644779
0.211126311
0.082991336
-0.016871865
-0.045143639
-0.016415869
0.026447788
0.114911081
0.194710442
0.272685819
0.352941176
0.380756954
0.373005016
0.319197446
0.191062472
0.073415413
-0.063839489
-0.160966712
-0.20246238
-0.227086183
-0.206566347
-0.17875057
-0.159598723
-0.117191062
-0.088919289
-0.05745554
-0.01869585
-0.024167807
-0.022799818
-0.061559508
-0.109895121
-0.152302782
-0.201550388
-0.236662107
-0.250341997
-0.27998176
-0.270405837
-0.265389877
-0.253533972
-0.207934337
-0.190606475
-0.158230734
-0.141358869
-0.155494756
-0.156862745
-0.170542636
-0.194254446
-0.167806658
-0.185590515
-0.170542636
-0.184678523
-0.252621979
-0.316461468
-0.436388509
-0.53625171
-0.562699498
-0.55129959
-0.394436845
-0.164614683
0.088463292
0.404468764
0.610579115
0.799817601
0.89876881
0.894208846
0.87004104
0.74373005
0.577291382
0.417236662
0.203374373
0.067943456
-0.031007752
-0.091655267
-0.044687642
-0.023255814
0.069767442
0.160966712
0.234838121
0.336981304
0.384404925
0.396716826
0.368445052
0.254901961
0.142270862
0.003191974
-0.112175103
-0.165070679
-0.208846329
-0.195166439
-0.179662563
-0.153214774
-0.118103055
-0.093935249
-0.056999544
-0.035111719
-0.030551756
-0.031919745
-0.069311446
-0.099407205
-0.151846785
-0.196078431
-0.229366165
-0.274053808
-0.286365709
-0.299589603
-0.294117647
-0.258549932
-0.23255814
-0.176014592
-0.141814865
-0.128590971
-0.105335157
-0.139534884
-0.146830825
-0.17373461
-0.193342453
-0.187414501
-0.202918377
-0.208846329
-0.23620611
-0.322389421
-0.400364797
-0.514819881
-0.577291382
-0.55494756
-0.459644323
-0.214774282
0.044687642
0.35248518
0.62380301
0.809393525
0.937072503
0.97127223
0.923392613
0.83629731
0.649794802
0.468308254
0.267213862
0.075239398
