0.573703433
0.769612856
0.867932798
0.822644266
0.699342586
0.564207451
0.419284149
0.286778671
0.145799854
-0.008911614
-0.103579255
-0.141855369
-0.140248356
-0.039737034
0.117019722
0.245726808
0.343462381
0.380861943
0.349013879
0.286924763
0.173411249
0.023082542
-0.108400292
-0.247479912
-0.383929876
-0.450109569
-0.456537619
-0.411395179
-0.304601899
-0.18568298
-0.072899927
0.036815194
0.107377648
0.151497443
0.193864134
0.203214025
0.180131483
0.137034332
0.059167275
-0.022059898
-0.068224982
-0.081519357
-0.047041636
0.034915997
0.122425128
0.188458729
0.219868517
0.207596786
0.173119065
0.133382031
0.089846603
0.061504748
0.046749452
0.019722425
-0.015924032
-0.04514244
-0.070708546
-0.085609934
-0.086778671
-0.08458729
-0.084441198
-0.096859021
-0.125200877
-0.149452155
-0.165960555
-0.177355734
-0.172534697
-0.167421476
-0.179839299
-0.195471147
-0.212856099
-0.232724617
-0.245434624
-0.259897736
-0.269831994
-0.268955442
-0.283710738
-0.291599708
-0.263988313
-0.253177502
-0.284002922
-0.335281227
-0.405843682
-0.457998539
-0.441051863
-0.32257122
-0.054930606
0.294375457
0.582907232
0.793718042
0.910299489
0.869831994
0.736742148
0.588897005
0.435354273
0.301241782
0.155734112
-0.007742878
-0.100511322
-0.135719503
-0.137764792
-0.0293645
0.141855369
0.278451424
0.385244704
0.424251278
0.384514244
0.321256392
0.203067933
0.040759679
-0.09320672
-0.237107378
-0.381008035
-0.443681519
-0.451716581
-0.41431702
-0.30679328
-0.194740687
-0.093498904
0.018699781
0.093060628
0.143170197
0.198685172
0.210080351
0.186997809
0.152373996
0.07027027
-0.01723886
-0.058144631
-0.075091308
-0.049233017
0.029218408
0.109569028
0.178378378
0.220598977
0.209788167
0.184075968
0.157341125
0.111322133
0.080496713
0.067932798
0.035500365
-0.002629657
-0.035792549
-0.072899927
-0.090723156
-0.09247626
-0.094083272
-0.08458729
-0.087216947
-0.117604091
-0.141124909
-0.16201607
-0.188020453
-0.188312637
-0.185244704
-0.202045289
-0.212710007
-0.227319211
-0.246749452
-0.249525201
-0.267202337
-0.288823959
-0.284295106
-0.304309715
-0.325200877
-0.287363039
-0.262819576
-0.286340394
-0.325639153
-0.402629657
-0.470124178
-0.463696129
-0.372680789
-0.114828342
0.261504748
0.559678598
0.776917458
0.920818115
0.88385683
0.74769905
0.612856099
0.456829803
0.326515705
0.190796202
0.006281958
-0.097151205
-0.129145362
-0.15266618
-0.046457268
0.143316289
0.275675676
0.390065741
0.44514244
0.397078159
0.339956172
0.23082542
0.054784514
-0.073630387
-0.206866326
-0.36128561
-0.41723886
-0.418407597
-0.394156318
-0.282249817
-0.166252739
-0.077720964
0.038276114
0.113805698
0.146384222
0.197224251
0.206281958
0.17779401
0.154419284
0.081227173
-0.005405405
-0.038568298
-0.065010957
-0.0623813
0.011249087
0.090869248
0.156464573
0.209934259
0.211541271
0.189189189
0.16201607
0.105916728
0.065303141
0.052593134
0.017531045
-0.021913806
-0.048648649
-0.08312637
-0.103871439
-0.105770636
-0.107085464
-0.093352812
-0.088385683
-0.114097882
-0.135135135
-0.153981008
-0.178378378
-0.175894814
-0.175748722
-0.197224251
-0.20715851
-0.227319211
-0.256537619
-0.261943024
-0.280642805
-0.297005113
-0.285902118
-0.312929145
-0.332943755
-0.290138787
-0.284002922
-0.318918919
-0.353688824
-0.430241052
-0.480058437
-0.447626004
-0.3376187
-0.045434624
0.340102264
0.606866326
0.813878744
0.942439737
0.86734843
0.7247626
0.585244704
0.410080351
0.285756026
0.14477721
-0.043097151
-0.106355004
-0.115266618
-0.127830533
0.010372535
0.192987582
0.303579255
0.422644266
0.454346238
0.390065741
0.349744339
0.22366691
0.031409788
-0.08458729
-0.231409788
-0.387289993
-0.420306793
-0.423959094
-0.38422206
-0.245434624
-0.138056976
-0.038568298
0.099342586
0.158655953
0.186559533
0.240759679
0.224835646
0.181008035
0.145945946
0.053469686
-0.024105186
-0.045726808
-0.072023375
-0.043389335
0.051570489
0.121256392
0.181008035
0.230971512
0.219430241
0.186851717
0.152081812
0.095836377
0.064280497
0.052154858
0.015631848
-0.010226443
-0.022498174
-0.056391527
-0.079620161
-0.080350621
-0.09101534
-0.097735573
-0.10606282
-0.1376187
-0.162454346
-0.17852447
-0.193864134
-0.185536888
-0.18276114
-0.204528853
-0.219430241
-0.242658875
-0.275529584
-0.289554419
-0.298027757
-0.296274653
-0.287801315
-0.302994887
-0.295544193
-0.263403944
-0.282249817
-0.32899927
-0.379985391
-0.445726808
-0.462673484
-0.398685172
-0.210810811
0.138495252
0.48312637
0.716581446
0.902118335
0.95266618
0.832578524
0.688093499
0.536742148
0.381884587
0.252885318
0.07596786
-0.072169467
-0.108108108
-0.13834916
-0.099780862
0.079181885
0.237399562
0.352373996
0.447041636
0.431409788
0.376040906
0.306939372
0.138495252
-0.022352082
-0.145069394
-0.31541271
-0.426442659
-0.440905771
-0.43155588
-0.339517896
-0.199561724
-0.098027757
0.025566107
0.135135135
0.173995617
0.224981738
0.261796932
0.23009496
0.189919649
0.122279036
0.016216216
-0.045288532
-0.067932798
-0.067494522
0.003067933
0.099196494
0.166398831
0.22293645
0.243827611
0.216946676
0.183053324
0.136011687
0.079766253
0.050255661
0.022790358
-0.020306793
-0.041344047
-0.05522279
-0.081519357
-0.089262235
-0.089992695
-0.099926954
-0.102848795
-0.119065011
-0.146676406
-0.157925493
-0.169028488
-0.174579985
-0.163623083
-0.175310446
-0.19853908
-0.212856099
-0.243389335
-0.26734843
-0.273922571
-0.285171658
-0.280204529
-0.280788897
-0.297589481
-0.275529584
-0.257560263
-0.297151205
-0.349306063
-0.41504748
-0.476844412
-0.46092038
-0.351789627
-0.094375457
0.28385683
0.590357925
0.799415632
0.945945946
0.9247626
0.782468955
0.639883126
0.482980278
0.339956172
0.199123448
0.014609204
-0.094959825
-0.118626735
-0.134112491
-0.036523009
0.155880205
0.297005113
0.410664719
0.472607743
0.433162893
0.378962747
0.283272462
0.11395179
-0.02147553
-0.155880205
-0.321986852
-0.405989774
-0.423228634
-0.405405405
-0.296420745
-0.164499635
-0.050693937
0.089700511
0.19065011
0.239590942
0.301972243
0.313805698
0.254784514
0.189481373
0.089846603
-0.025858291
-0.080204529
-0.089992695
-0.055807159
0.041051863
0.128853178
0.184368152
0.231848064
0.224835646
0.177355734
0.146530314
0.102410519
0.049525201
0.023374726
-0.011395179
-0.047187728
-0.056245435
-0.075675676
-0.091161432
-0.080788897
-0.091307524
-0.110153397
-0.116727538
-0.143900657
-0.166983199
-0.165814463
-0.167859752
-0.163623083
-0.163038714
-0.187143901
-0.208473338
-0.231848064
-0.264572681
-0.278451424
-0.288239591
-0.303433163
-0.308546384
-0.313367421
-0.300657414
-0.274653031
-0.286340394
-0.32899927
-0.389189189
-0.458436815
-0.462819576
-0.354273192
-0.11541271
0.24441198
0.590942294
0.832140248
0.979401023
0.97779401
0.84514244
0.694229364
0.532067202
0.36917458
0.227027027
0.057414171
-0.084002922
-0.138495252
-0.152227904
-0.075675676
0.102118335
0.262527392
0.390357925
0.474214755
0.452885318
0.385390796
0.287801315
0.123739956
-0.03082542
-0.166837107
-0.320087655
-0.411102995
-0.434185537
-0.422644266
-0.330021914
-0.20073046
-0.088531775
0.043389335
0.153104456
0.212271731
0.275383492
0.307815924
0.275821768
0.219868517
0.126953981
0.010518627
-0.063403944
-0.092914536
-0.069393718
0.02439737
0.126515705
0.198392988
0.250109569
0.252154858
0.209642075
0.1706355
0.13119065
0.089992695
0.064864865
0.032578524
-0.008911614
-0.032724617
-0.054638422
-0.073338203
-0.068663258
-0.068224982
-0.083272462
-0.096274653
-0.122132944
-0.152227904
-0.159970782
-0.158948137
-0.158802045
-0.160993426
-0.179547115
-0.204528853
-0.227027027
-0.252008766
-0.264426589
-0.266910153
-0.278597516
-0.296566837
-0.308692476
-0.303579255
-0.292622352
-0.310153397
-0.353542732
-0.411687363
-0.474653031
-0.481811541
-0.373849525
-0.123739956
0.238568298
0.585244704
0.835062089
0.985244704
0.984514244
0.852008766
0.698319942
0.541417093
0.379547115
0.226296567
0.050547845
-0.097735573
-0.163769175
-0.181154127
-0.104747991
0.077282688
0.246457268
0.37633309
0.465010957
0.453615778
0.386267348
0.288823959
0.126077429
-0.035208181
-0.178378378
-0.338641344
-0.43798393
-0.459313367
-0.443973703
-0.34769905
-0.209495982
-0.096712929
0.034769905
0.152227904
0.210372535
0.273484295
0.319357195
0.297297297
0.247918188
0.158655953
0.034915997
-0.043681519
-0.080350621
-0.070854638
0.025712199
0.137764792
0.214609204
0.279035793
0.290284879
0.250547845
0.217384953
0.173265157
0.123447772
0.096712929
0.059459459
0.016654492
-0.003944485
-0.028049671
-0.047187728
-0.045580716
-0.056537619
-0.078305332
-0.097151205
-0.126515705
-0.151643535
-0.160116874
-0.164061359
-0.165084003
-0.172680789
-0.193133674
-0.213732652
-0.229802776
-0.243827611
-0.256975895
-0.268517166
-0.281373265
-0.310737765
-0.334550767
-0.318626735
-0.301680058
-0.318188459
-0.354419284
-0.416654492
-0.47669832
-0.472899927
-0.360116874
-0.08385683
0.298319942
0.626004383
0.864572681
1
0.960116874
0.814024836
0.66018992
0.497589481
0.350474799
0.199561724
0.01723886
-0.10898466
-0.165960555
-0.17779401
-0.068517166
0.119649379
0.275529584
0.405697589
0.470854638
0.435354273
0.368005844
0.255661066
0.086340394
-0.065157049
-0.217531045
-0.37560263
-0.457706355
-0.479181885
-0.451570489
-0.334989043
-0.2
-0.086924763
0.04660336
0.147406866
0.19357195
0.244704164
0.26807889
0.240613587
0.195178963
0.105040175
-0.002629657
-0.058582907
-0.088823959
-0.073046019
0.031117604
0.1376187
0.207596786
0.265595325
0.265010957
0.220160701
0.183053324
0.128560993
0.079035793
0.059313367
0.017969321
-0.025566107
-0.041344047
-0.069393718
-0.087655223
-0.080058437
-0.091453616
-0.108692476
-0.12330168
-0.157341125
-0.179108839
-0.180277575
-0.183929876
-0.182030679
-0.190796202
-0.219430241
-0.24017531
-0.256829803
-0.276260044
-0.284733382
-0.288823959
-0.303579255
-0.337180424
-0.357925493
-0.332067202
-0.309422936
-0.330021914
-0.36990504
-0.431409788
-0.493498904
-0.494229364
-0.371219869
-0.064718773
0.33046019
0.639298758
0.862527392
0.984806428
0.915704894
0.751643535
0.598685172
0.446311176
0.316581446
0.164791819
-0.020452885
-0.124178232
-0.172242513
-0.18495252
-0.050693937
0.149744339
0.299196494
0.431994156
0.484441198
0.433162893
0.364791819
0.233455077
0.050986121
-0.090284879
-0.249817385
-0.406135866
-0.461943024
-0.477720964
-0.442074507
-0.305624543
-0.180277575
-0.074799123
0.062673484
0.144192841
0.185536888
0.249379109
0.262089116
0.232140248
0.191672754
0.080496713
-0.033308985
-0.081081081
-0.117750183
-0.089554419
0.0293645
0.125931337
0.194740687
0.246749452
0.224981738
0.182615047
0.153104456
0.095544193
0.060043828
0.048356465
-0.001753104
-0.044558072
-0.063550037
-0.100073046
-0.109715121
-0.090577064
-0.094667641
-0.099196494
-0.108546384
-0.150474799
-0.181300219
-0.193718042
-0.206281958
-0.199707816
-0.195032871
-0.210226443
-0.219284149
-0.233601169
-0.2623813
-0.282688093
-0.296128561
-0.315558802
-0.342293645
-0.34623813
-0.310007305
-0.290138787
-0.318480643
-0.372096421
-0.448210373
-0.514536158
-0.510299489
-0.371365961
-0.043243243
0.350474799
0.643243243
0.864134405
0.977355734
0.894229364
0.737326516
0.591234478
0.436230825
0.300511322
0.12972973
-0.062527392
-0.152227904
-0.198246896
-0.206574142
-0.055807159
0.139663988
0.279474069
0.4165084
0.470562454
0.429802776
0.374872169
0.235500365
0.045726808
-0.099050402
-0.274506939
-0.433308985
-0.4752374
-0.483418554
-0.438276114
-0.297881665
-0.182615047
-0.075529584
0.067202337
0.142585829
0.191088386
0.266617969
0.272169467
0.231263696
0.176771366
0.051132213
-0.06018992
-0.105186267
-0.135865595
-0.082688093
0.048940833
0.137764792
0.201022644
0.245288532
0.219430241
0.176479182
0.13834916
0.080642805
0.048794741
0.028341855
-0.023520818
-0.05449233
-0.061504748
-0.088677867
-0.100219138
-0.086632579
-0.089116143
-0.09817385
-0.111322133
-0.141563185
-0.162600438
-0.174433893
-0.194302411
-0.199853908
-0.196347699
-0.211687363
-0.229948868
-0.241782323
-0.266179693
-0.293791088
-0.310007305
-0.332213294
-0.3541271
-0.33981008
-0.308108108
-0.306501096
-0.336157779
-0.398246896
-0.481227173
-0.523886048
-0.482249817
-0.294083272
0.066179693
0.438130022
0.710591673
0.917896275
0.978816654
0.865303141
0.71541271
0.558071585
