-0.700139914
-0.745293818
-0.79718901
-0.84870262
-0.899961842
-0.943398626
-0.969727805
-0.977359451
-0.968773849
-0.946451285
-0.91745103
-0.895828034
-0.892775375
-0.906830323
-0.930297634
-0.957453574
-0.978949377
-0.988170949
-0.987153396
-0.983019588
-0.980666497
-0.981238871
-0.985627067
-0.993131519
-0.995738998
-0.984418723
-0.956054439
-0.916687866
-0.880882727
-0.861740015
-0.864729077
-0.887560417
-0.92069448
-0.952874587
-0.975960315
-0.983464767
-0.97888578
-0.968773849
-0.959107097
-0.954400916
-0.954146528
-0.954400916
-0.953701348
-0.950712287
-0.948041211
-0.947023658
-0.945878911
-0.944034597
-0.941745103
-0.939582803
-0.938756042
-0.938438056
-0.938501654
-0.938438056
-0.93684813
-0.93621216
-0.937611295
-0.938374459
-0.937802086
-0.937865683
-0.940473162
-0.944161791
-0.945942508
-0.947087255
-0.946642076
-0.942253879
-0.938756042
-0.941745103
-0.951920631
-0.966547952
-0.979839735
-0.981811244
-0.954591707
-0.889404732
-0.807237344
-0.734991096
-0.686593742
-0.670885271
-0.689837192
-0.733528364
-0.784787586
-0.833439328
-0.883426609
-0.930297634
-0.961841771
-0.975705927
-0.972780463
-0.953128975
-0.922920376
-0.895891631
-0.887814805
-0.899643857
-0.922220809
-0.950076316
-0.973670822
-0.984037141
-0.983210379
-0.977868227
-0.97392521
-0.973734419
-0.976914271
-0.984291529
-0.989124905
-0.981811244
-0.958534724
-0.921648436
-0.884634953
-0.863838718
-0.863775121
-0.883045027
-0.914207581
-0.946514882
-0.971381328
-0.980920885
-0.977232256
-0.96896464
-0.960697024
-0.956754007
-0.957962351
-0.960379038
-0.962032562
-0.9612058
-0.958852709
-0.957898753
-0.956118036
-0.953128975
-0.950203511
-0.947150852
-0.945115747
-0.943780209
-0.942126685
-0.941427118
-0.939964386
-0.938120071
-0.939201221
-0.939900789
-0.938056474
-0.935894175
-0.934940219
-0.93684813
-0.938819639
-0.940027983
-0.941872297
-0.939964386
-0.936402951
-0.938374459
-0.947341643
-0.961078606
-0.97500636
-0.981048079
-0.96400407
-0.908929026
-0.829369117
-0.754451793
-0.699249555
-0.673556347
-0.684177054
-0.724942763
-0.778364284
-0.82822437
-0.874713813
-0.919549733
-0.950903078
-0.965339608
-0.967183923
-0.954655304
-0.929788858
-0.903268888
-0.889531926
-0.895573645
-0.914970745
-0.942381074
-0.971953701
-0.990269651
-0.994276266
-0.990015263
-0.983655558
-0.980793691
-0.982828797
-0.988997711
-0.995738998
-0.992877131
-0.973670822
-0.937611295
-0.895891631
-0.868290511
-0.864093106
-0.881200712
-0.913062834
-0.94848639
-0.975960315
-0.987980158
-0.984927499
-0.975578733
-0.966102773
-0.959933859
-0.960188247
-0.963304503
-0.96508522
-0.965339608
-0.964512847
-0.964385653
-0.96400407
-0.961523785
-0.958916306
-0.956054439
-0.953319766
-0.951920631
-0.950903078
-0.94956754
-0.947087255
-0.943144238
-0.941490715
-0.942635462
-0.942381074
-0.940155177
-0.938374459
-0.939392012
-0.941554312
-0.942444671
-0.943017044
-0.942190282
-0.938501654
-0.937420504
-0.942953447
-0.952874587
-0.96444925
-0.972907657
-0.966675146
-0.92908929
-0.861231239
-0.787140677
-0.726278301
-0.687102518
-0.679152887
-0.703828542
-0.749173238
-0.800750445
-0.853408802
-0.905621979
-0.946260494
-0.967183923
-0.972335284
-0.963431697
-0.940854744
-0.914843551
-0.898753498
-0.898817095
-0.912045281
-0.933859069
-0.960251844
-0.9806029
-0.988488934
-0.988425337
-0.985245485
-0.981747647
-0.981747647
-0.986899008
-0.995738998
-1
-0.989951666
-0.960442635
-0.917069448
-0.877893666
-0.860595268
-0.867972526
-0.894365301
-0.929916052
-0.962223353
-0.982129229
-0.986263037
-0.979839735
-0.971190537
-0.964894429
-0.963622488
-0.965276011
-0.96508522
-0.963558891
-0.962795726
-0.963558891
-0.964512847
-0.963177309
-0.959297889
-0.95516408
-0.952111422
-0.951666243
-0.953001781
-0.954464513
-0.954464513
-0.951857034
-0.948867973
-0.947723226
-0.946514882
-0.943207835
-0.940536759
-0.940854744
-0.942444671
-0.943462223
-0.94460697
-0.944988553
-0.942571865
-0.940473162
-0.944098194
-0.952175019
-0.960887815
-0.968392267
-0.966738743
-0.938819639
-0.879674383
-0.808318494
-0.747074536
-0.706372424
-0.691935894
-0.70840753
-0.747774103
-0.794581531
-0.842851692
-0.892838972
-0.936720936
-0.964894429
-0.976278301
-0.972462478
-0.952874587
-0.923747138
-0.901742559
-0.897926736
-0.909628593
-0.930361231
-0.954591707
-0.974116001
-0.981938438
-0.979458153
-0.974370389
-0.970618163
-0.968837446
-0.971508522
-0.979076571
-0.986771814
-0.986581023
-0.97284406
-0.946451285
-0.916179089
-0.893729331
-0.887624014
-0.898626304
-0.921139659
-0.946832867
-0.968074281
-0.978694989
-0.978122615
-0.970999746
-0.964640041
-0.962668532
-0.963940473
-0.964830832
-0.964322055
-0.9633681
-0.962859323
-0.962732129
-0.961841771
-0.959679471
-0.956944798
-0.955291274
-0.955036886
-0.955545663
-0.956563215
-0.957135589
-0.955927245
-0.953256169
-0.951348257
-0.950712287
-0.949185958
-0.946514882
-0.945179344
-0.94460697
-0.942953447
-0.942063088
-0.943144238
-0.943271432
-0.941236327
-0.941681506
-0.947786823
-0.956499618
-0.964512847
-0.968646655
-0.957262783
-0.916624269
-0.851564487
-0.783006868
-0.728186212
-0.696196896
-0.694034597
-0.722589672
-0.769587891
-0.821101501
-0.87306029
-0.922284406
-0.960251844
-0.980475706
-0.98340117
-0.970745357
-0.945306538
-0.91789621
-0.903141694
-0.907211905
-0.924192317
-0.946642076
-0.968265073
-0.982065632
-0.984418723
-0.97952175
-0.974751972
-0.972462478
-0.972017298
-0.974751972
-0.981048079
-0.986517426
-0.985754261
-0.976214704
-0.959615874
-0.939964386
-0.922729585
-0.915225134
-0.920185703
-0.933541084
-0.951093869
-0.968201475
-0.979839735
-0.983210379
-0.980793691
-0.977931824
-0.976278301
-0.974624777
-0.972398881
-0.970363775
-0.96896464
-0.96832867
-0.968201475
-0.967183923
-0.964322055
-0.960442635
-0.957071992
-0.95516408
-0.954273722
-0.954337319
-0.954400916
-0.953128975
-0.951093869
-0.950457899
-0.950839481
-0.950267108
-0.948549987
-0.946387688
-0.944416179
-0.942508268
-0.941935894
-0.943716612
-0.945242941
-0.944352582
-0.943716612
-0.947214449
-0.955354872
-0.965593996
-0.972653269
-0.965339608
-0.93188756
-0.872360722
-0.80214958
-0.73836174
-0.694670567
-0.682650725
-0.70516408
-0.752543882
-0.810417197
-0.869308064
-0.922475197
-0.961523785
-0.981747647
-0.984355126
-0.972080895
-0.949313152
-0.924891885
-0.909819384
-0.909310608
-0.921266853
-0.94072755
-0.961778173
-0.97780463
-0.985817858
-0.987407784
-0.985754261
-0.983719155
-0.983019588
-0.984418723
-0.986962605
-0.987980158
-0.983591961
-0.971063343
-0.952111422
-0.932459934
-0.918214195
-0.915161537
-0.925845841
-0.945815314
-0.966547952
-0.981175273
-0.98728059
-0.985881455
-0.980157721
-0.97456118
-0.97176291
-0.970554566
-0.969918596
-0.969346222
-0.968455864
-0.96680234
-0.965530399
-0.965276011
-0.964894429
-0.963558891
-0.962541338
-0.962477741
-0.96228695
-0.961905368
-0.960633427
-0.957580768
-0.953256169
-0.949694734
-0.948359196
-0.948359196
-0.947977614
-0.946832867
-0.946069702
-0.945942508
-0.946578479
-0.947532434
-0.947023658
-0.94352582
-0.938819639
-0.938310862
-0.946260494
-0.961269397
-0.977295853
-0.984227932
-0.969791402
-0.925146273
-0.854108369
-0.776201984
-0.71292292
-0.679216484
-0.682014755
-0.718265073
-0.774039685
-0.834138896
-0.889786314
-0.93684813
-0.969537013
-0.984418723
-0.983273976
-0.969918596
-0.947723226
-0.923874332
-0.909247011
-0.910200967
-0.924192317
-0.944988553
-0.966675146
-0.983083185
-0.990015263
-0.988997711
-0.98556347
-0.983146782
-0.982129229
-0.982129229
-0.983719155
-0.983655558
-0.976278301
-0.960951412
-0.942571865
-0.926863394
-0.919295345
-0.924701094
-0.941554312
-0.961778173
-0.977105062
-0.985627067
-0.987089799
-0.982574409
-0.975960315
-0.972144492
-0.971635716
-0.971826507
-0.970999746
-0.969409819
-0.967056729
-0.964703638
-0.964512847
-0.966102773
-0.966484355
-0.964958026
-0.963050114
-0.961587382
-0.960442635
-0.959170694
-0.957707962
-0.955672857
-0.952556601
-0.949885525
-0.948740778
-0.948295599
-0.947659629
-0.94740524
-0.948295599
-0.948995167
-0.947786823
-0.94568812
-0.943398626
-0.939773595
-0.936657339
-0.939264818
-0.949694734
-0.963813279
-0.974879166
-0.974433986
-0.950521496
-0.896909183
-0.825171712
-0.756804884
-0.708153142
-0.689709997
-0.706181633
-0.751017553
-0.808254897
-0.865237853
-0.916179089
-0.955036886
-0.975324345
-0.978186212
-0.969346222
-0.95236581
-0.932078352
-0.917578224
-0.916306283
-0.926672602
-0.942826253
-0.95948868
-0.972017298
-0.976787077
-0.97564233
-0.973034851
-0.972716866
-0.974433986
-0.977423048
-0.981811244
-0.98619944
-0.986326634
-0.978822183
-0.964894429
-0.948041211
-0.932777919
-0.925400661
-0.930297634
-0.944734164
-0.961332994
-0.975451539
-0.984927499
-0.987407784
-0.983464767
-0.978249809
-0.975705927
-0.97500636
-0.974306792
-0.973543628
-0.971381328
-0.966865937
-0.962604935
-0.960887815
-0.959870262
-0.957644365
-0.956054439
-0.956817604
-0.958534724
-0.95948868
-0.959679471
-0.958343933
-0.954718901
-0.950521496
-0.948549987
-0.948295599
-0.946960061
-0.944797761
-0.944225388
-0.945115747
-0.945433732
-0.944924955
-0.944543373
-0.942699059
-0.938692445
-0.936975324
-0.943017044
-0.95516408
-0.968074281
-0.97564233
-0.967056729
-0.929470873
-0.864093106
-0.791147291
-0.730920885
-0.695624523
-0.69352582
-0.725451539
-0.779445434
-0.838463495
-0.89309336
-0.938756042
-0.967629102
-0.97608751
-0.970363775
-0.957199186
-0.939074027
-0.920948868
-0.911790893
-0.915670313
-0.929025693
-0.946006105
-0.962159756
-0.972335284
-0.973988807
-0.969982193
-0.966039176
-0.965403205
-0.968201475
-0.972780463
-0.977995421
-0.979776138
-0.972526075
-0.95560926
-0.935830577
-0.921966421
-0.919740524
-0.931442381
-0.953701348
-0.977359451
-0.993004325
-0.998664462
-0.996311371
-0.987534978
-0.976850674
-0.970427372
-0.969600611
-0.971699313
-0.974433986
-0.976850674
-0.977232256
-0.975069957
-0.972398881
-0.969854999
-0.965530399
-0.960061053
-0.955800051
-0.953701348
-0.952874587
-0.952429407
-0.951920631
-0.950394302
-0.94893157
-0.949058764
-0.95064869
-0.950712287
-0.948613584
-0.946069702
-0.944924955
-0.94505215
-0.945115747
-0.944670567
-0.943207835
-0.939519206
-0.934558636
-0.933986263
-0.941554312
-0.955863648
-0.971699313
-0.980793691
-0.969219028
-0.925591453
-0.85538031
-0.780145001
-0.718837446
-0.686339354
-0.692190282
-0.733655558
-0.794072755
-0.855889087
-0.911027728
-0.953955736
-0.977550242
-0.983337573
-0.978949377
-0.967311117
-0.948677181
-0.928644111
-0.917069448
-0.917832613
-0.928644111
-0.945815314
-0.963686085
-0.974815569
-0.977105062
-0.974179598
-0.971826507
-0.972653269
-0.975960315
-0.980666497
-0.984164335
-0.981366065
-0.968710252
-0.949058764
-0.931060799
-0.921839227
-0.924383109
-0.937865683
-0.957389977
-0.974942763
-0.985181888
-0.988488934
-0.98728059
-0.982447214
-0.976659883
-0.973352836
-0.972971254
-0.973607225
-0.974052404
-0.973416433
-0.971063343
-0.968201475
-0.966357161
-0.964767235
-0.96228695
-0.959552277
-0.958280336
-0.958153142
-0.957835156
-0.956563215
-0.954082931
-0.951030272
-0.949885525
-0.951666243
-0.953955736
-0.953955736
-0.951920631
-0.949758331
-0.948422793
-0.947786823
-0.948104808
-0.948995167
-0.948422793
-0.946133299
-0.946006105
-0.951348257
-0.961778173
-0.973607225
-0.979776138
-0.969155431
-0.930615619
-0.866573391
-0.794327143
-0.73340117
-0.698422793
-0.698168405
-0.731429662
-0.784851183
-0.842279318
-0.895382854
-0.939074027
-0.966929534
-0.977741033
-0.977168659
-0.969028237
-0.953955736
-0.93621216
-0.923937929
-0.922093615
-0.929343678
-0.943144238
-0.9590435
-0.970172984
-0.973861613
-0.972971254
-0.971953701
-0.973352836
-0.977359451
-0.98340117
-0.988997711
-0.98944289
-0.981429662
-0.965466802
-0.946514882
-0.932078352
-0.927626558
-0.934367845
-0.948549987
-0.963431697
-0.974179598
-0.979458153
-0.980094124
-0.977486645
-0.973988807
-0.972017298
-0.972144492
-0.973607225
-0.975197151
-0.975197151
-0.972080895
-0.967120326
-0.963431697
-0.961015009
-0.959170694
-0.958789112
-0.960442635
-0.962223353
-0.961650979
-0.958471127
-0.953383363
-0.947723226
-0.944861358
-0.946960061
-0.952047825
-0.955354872
-0.95560926
-0.95452811
-0.953192572
-0.951348257
-0.949440346
-0.948104808
-0.946069702
-0.941299924
-0.937547698
-0.9396464
-0.94848639
-0.961841771
-0.974370389
-0.975260748
-0.950012719
-0.89353854
-0.819002798
-0.747964894
-0.697786823
-0.681951157
