0.785999114
0.469649978
0.136907399
0
0.112981834
0.331413381
0.454142667
0.377492246
0.141338059
-0.09791759
-0.210899424
-0.162605228
-0.027470093
0.064687638
0.029685423
-0.149756314
-0.398759415
-0.603012849
-0.677891006
-0.615418697
-0.514399646
-0.499778467
-0.633141338
-0.847142224
-0.953478068
-0.796189632
-0.362871068
0.159503766
0.502436863
0.525476296
0.295525033
0.058041648
0.028356225
0.221089942
0.458573327
0.508639787
0.309703146
0.019937971
-0.112981834
0.062029242
0.441293753
0.771821001
0.827647319
0.584847142
0.239255649
0.028356225
0.071333629
0.281789987
0.456357997
0.448825875
0.248116969
-0.013291981
-0.180770935
-0.187416925
-0.070890563
0.041648206
0.049180328
-0.085511741
-0.319007532
-0.539211342
-0.659282233
-0.643331856
-0.552503323
-0.510412051
-0.595037661
-0.794417368
-0.957908728
-0.905626938
-0.569782898
-0.053610988
0.386796633
0.548072663
0.412494462
0.157288436
0.034116083
0.139565795
0.371732388
0.505981391
0.396101019
0.119627825
-0.099689854
-0.055826318
0.257421356
0.630039876
0.815684537
0.692512184
0.375276916
0.100575986
0.040319008
0.198936642
0.401417811
0.471422242
0.341603899
0.089056269
-0.121843155
-0.191847585
-0.11564023
0.00886132
0.061586176
-0.011962782
-0.202924236
-0.422241914
-0.577758086
-0.619406292
-0.561364643
-0.505981391
-0.544971201
-0.705361099
-0.901196278
-0.95657953
-0.753655295
-0.30704475
0.188303057
0.489587949
0.492689411
0.276916261
0.077536553
0.073992025
0.256535224
0.451041205
0.449268941
0.228178999
-0.044306602
-0.134249003
0.081524147
0.473637572
0.79087284
0.821444395
0.565352237
0.234381923
0.052724856
0.121843155
0.338059371
0.491360213
0.451041205
0.224634471
-0.035888347
-0.179884803
-0.159946832
-0.033673017
0.062915374
0.042534338
-0.109437306
-0.329198051
-0.514842712
-0.605671245
-0.588834736
-0.534337616
-0.542755871
-0.663712893
-0.864421799
-1
-0.918032787
-0.568010634
-0.057598582
0.373061586
0.543198937
0.434647763
0.208241028
0.088613203
0.164820558
0.350908285
0.446167479
0.32698272
0.073992025
-0.112538768
-0.040319008
0.284891449
0.658396101
0.839610102
0.711120957
0.391670359
0.11120957
0.043863536
0.194949047
0.392113425
0.460788658
0.332742579
0.089499335
-0.10899424
-0.167478954
-0.090828533
0.019051839
0.048294196
-0.039875942
-0.22020381
-0.407620735
-0.530793088
-0.561807709
-0.527691626
-0.515285778
-0.589277802
-0.756756757
-0.937084626
-0.978289765
-0.775808595
-0.341603899
0.151528578
0.482941958
0.536996012
0.364643332
0.166149756
0.120070891
0.244129375
0.398759415
0.398759415
0.210013292
-0.026140895
-0.097474524
0.112538768
0.493132477
0.800620292
0.829419584
0.57066903
0.224634471
0.017722641
0.062915374
0.26805494
0.432875498
0.419140452
0.226849801
-0.005759858
-0.137350465
-0.122286221
-0.015950377
0.058041648
0.023039433
-0.122286221
-0.3181214
-0.476739034
-0.552946389
-0.544528135
-0.512627381
-0.53832521
-0.660611431
-0.850243686
-0.980948161
-0.912715995
-0.591050066
-0.10234825
0.335844041
0.539654409
0.469649978
0.260965884
0.125387683
0.166149756
0.321665928
0.412051396
0.312804608
0.085068675
-0.085954807
-0.019051839
0.286663713
0.642002658
0.811696943
0.682764732
0.360655738
0.072219761
-0.008418254
0.128046079
0.322108994
0.401417811
0.299512627
0.089499335
-0.081081081
-0.124058485
-0.052724856
0.04120514
0.058484714
-0.034116083
-0.203810368
-0.375719982
-0.488701817
-0.523260966
-0.505095259
-0.502879929
-0.576428888
-0.73637572
-0.907399202
-0.953035002
-0.766504209
-0.356668144
0.123172353
0.461231724
0.533008418
0.382365973
0.195835179
0.142667257
0.251218432
0.391670359
0.395214887
0.22020381
-0.002658396
-0.068675233
0.125387683
0.481169694
0.769605671
0.793974302
0.550731059
0.218874612
0.016393443
0.0456358
0.222862206
0.368630926
0.355338946
0.186087727
-0.017279575
-0.132919805
-0.120513957
-0.033229951
0.026140895
-0.003544528
-0.125387683
-0.290651307
-0.43376163
-0.515728844
-0.532122286
-0.521931768
-0.546300399
-0.647762517
-0.806380151
-0.920691183
-0.865307931
-0.57509969
-0.120070891
0.310146212
0.533451484
0.493575543
0.303500222
0.160389898
0.177226407
0.314133806
0.409393
0.338059371
0.134692069
-0.031457687
0.011519716
0.280903855
0.611874169
0.782454586
0.677891006
0.383252105
0.107221976
0.018165707
0.130261409
0.302614089
0.37261852
0.272928666
0.070004431
-0.103677448
-0.159946832
-0.10677891
-0.026583961
-0.00443066
-0.074878157
-0.212228622
-0.361098804
-0.47053611
-0.519716438
-0.522374834
-0.526362428
-0.587505538
-0.721311475
-0.871067789
-0.915817457
-0.747009304
-0.357997342
0.114311032
0.462560922
0.550287993
0.408506868
0.214887018
0.149313248
0.254319894
0.403190075
0.42268498
0.258307488
0.030571555
-0.053167922
0.119184759
0.459902525
0.742578644
0.768719539
0.530350022
0.20691183
0.015507311
0.055383252
0.238812583
0.38147984
0.354895879
0.168365086
-0.049180328
-0.169694284
-0.151971644
-0.059813912
0.003544528
-0.026140895
-0.145325654
-0.300398759
-0.426672574
-0.490474081
-0.495347807
-0.482941958
-0.514399646
-0.622507754
-0.781125388
-0.889233496
-0.826761187
-0.536996012
-0.09570226
0.310589278
0.508639787
0.458573327
0.277802393
0.158174568
0.201151972
0.350022153
0.437749225
0.346477625
0.124944617
-0.05006646
-0.007089056
0.262738148
0.587062472
0.744350908
0.627824546
0.333185645
0.071333629
0.005316792
0.140008861
0.324324324
0.389011963
0.27027027
0.046964998
-0.135135135
-0.181214001
-0.105006646
-0.000443066
0.029242357
-0.052724856
-0.209570226
-0.366858662
-0.46389012
-0.48604342
-0.466548516
-0.471422242
-0.556490917
-0.717766947
-0.879486043
-0.914931325
-0.728843598
-0.336730173
0.116526362
0.433318564
0.503766061
0.370846256
0.205139566
0.164820558
0.275143996
0.411165264
0.412937528
0.239698715
0.011962782
-0.073992025
0.091271599
0.423128046
0.707133363
0.7496677
0.533008418
0.221533008
0.027470093
0.05671245
0.235268055
0.384581303
0.366858662
0.182100133
-0.043863536
-0.174124945
-0.153743908
-0.040762074
0.048737262
0.032786885
-0.09348693
-0.267168808
-0.408063802
-0.471865308
-0.469206912
-0.454142667
-0.497120071
-0.622507754
-0.793974302
-0.90651307
-0.841382366
-0.556933983
-0.126273815
0.272042534
0.476295968
0.441736819
0.272042534
0.147540984
0.171466549
0.301284891
0.386796633
0.307487816
0.098360656
-0.075764289
-0.043863536
0.221976074
0.563136907
0.756756757
0.676118742
